0,273
0,270
26,1
26,3
0,489
38,6
0,488
0,472
38,5
38,4
38,3
38,2
0,9
38,1
38,0
37,35
3,2
3,1
3,3
10,133
10,189
10,33
10,269
10,239
10,35
10,309
10,5
10,2
10,3
11,16
11,17
11,6
9,7
9,2
9,3
8,5
8,12
8,11
8,16
8,10
8,2
8,3
28,3
28,1
27,110
27,109
27,108
27,107
27,106
27,105
27,104
27,103
27,102
27,101
27,100
27,99
27,98
27,97
27,96
27,95
27,94
27,93
27,92
27,91
27,90
27,89
27,88
27,87
27,86
27,85
27,84
27,83
27,82
27,81
27,80
27,79
27,78
27,77
27,76
27,75
27,74
27,73
27,72
27,71
27,70
27,69
27,68
27,67
27,66
27,65
27,64
27,35
27,34
27,3
27,1
25,3
25,1
20,3
20,2
20,1
19,3
19,2
19,1
18,3
18,1
14,3
14,1
13,3
13,1
12,3
12,2
